12 18
17 20
4 5
17 14
10 13
6 9
5 7
14 15
10 8
7 12
14 19
10 10
4 4
10 19
18 13
20 9
18 16
8 18
8 12
19 15
4 13
11 6
7 4
17 14
17 11
5 10
10 11
7 18
20 13
16 17
13 6
14 10
9 9
15 14
18 5
16 9
14 6
19 17
6 6
10 10
14 12
17 20
10 20
8 9
4 4
14 13
6 15
11 20
11 13
13 16
14 16
5 7
18 20
12 11
6 18
18 16
17 5
6 7
12 10
20 12
18 4
13 12
15 11
11 6
11 11
9 5
6 10
16 20
10 7
10 20
13 15
6 9
7 8
20 16
5 20
15 11
20 15
19 6
13 9
16 4
16 4
13 9
19 16
8 8
11 5
15 11
8 17
16 11
12 16
14 4
6 9
11 13
11 9
6 4
5 18
12 8
10 12
13 8
7 17
20 20
